21
988.11383,1072.0902,0.0,f
828.51196,758.5608,0.0,f
1178.2354,792.0085,-1.9883496,f
492.93832,737.2788,-1.9844961,f
747.56354,38.506462,0.0,f
997.9449,1736.1276,-5.1782556,f
1128.566,1457.949,-0.7469001,f
1750.1395,600.17584,0.0,f
144.9151,1013.20337,1.9560649,f
847.98413,1359.6405,0.0,f
1390.2031,500.07675,0.0,f
1382.81,1184.3466,0.0,f
589.90607,1106.3971,0.0,f
1334.1698,27.619947,2.045954,f
684.085,465.29715,0.0,f
1463.0092,1549.503,0.0,f
1042.1484,376.3436,2.0098135,f
420.27908,1585.0472,0.0,f
267.7811,431.46408,-2.0439122,f
1513.4714,798.73126,0.0,f
1780.1433,1110.321,0.0,f
